1	1	731.14	276.56
2	1	725.77	281.66
3	1	731.47	262.65
4	1	717.47	261.17
5	1	741.31	276.28
6	1	733.09	272.86
7	1	731.37	278.82
8	1	726.92	266.37
9	1	719.94	271.84
10	1	732.03	255.72
11	1	714.14	269.73
12	1	723.14	269.8
13	1	742.24	266.19
14	1	736.6	285.95
15	1	742.73	252.7
16	1	728.81	266.23
17	1	737.94	282.57
18	1	726.75	270.11
19	1	736.18	264.65
20	1	707.92	257.96
21	1	734.52	265.7
22	1	728.05	269.63
23	1	734.45	258.45
24	1	746.53	245.97
25	1	744.93	263.23
26	1	730	255.68
27	1	739.08	264.44
28	1	729.01	257.79
29	1	731.04	283.34
30	1	728.16	275.66
31	1	725.17	286.72
32	1	727.26	281.6
33	1	739.29	279.47
34	1	712.91	255.23
35	1	746.81	263.14
36	1	735.84	264.37
37	1	735.1	266.44
38	1	727.48	260.81
39	1	733.62	274.59
40	1	720.92	278.43
41	1	723.75	267.19
42	1	729.67	270.39
43	1	723.44	279.47
44	1	747.79	255.14
45	1	724.44	262.33
46	1	746.04	277.37
47	1	723.93	270.37
48	1	739.14	260.28
49	1	722.96	279.51
50	1	725.11	282.32
51	2	735.87	326.27
52	2	729.43	315.99
53	2	745.54	335.73
54	2	728.83	323.87
55	2	735.06	332.1
56	2	738.76	316.21
57	2	724.46	328.26
58	2	746.25	321.2
59	2	735.46	319.89
60	2	733.76	308.64
61	2	752.35	303.75
62	2	740.86	332.78
63	2	739.12	310.9
64	2	732.68	327.64
65	2	744.69	295.61
66	2	746.9	327.32
67	2	746.51	333.58
68	2	746.52	324.35
69	2	753.33	309.51
70	2	731.21	314.47
71	2	740	332.85
72	2	727.45	322.91
73	2	744.26	326.04
74	2	756.25	317.16
75	2	746.33	319.54
76	2	738.38	311.29
77	2	730.56	311.78
78	2	733.9	311
79	2	738.11	307.06
80	2	743.85	303.88
81	2	732.42	331.81
82	2	745.38	330.45
83	2	740.33	340.44
84	2	731.4	335.86
85	2	733.59	307.87
86	2	737.17	340.59
87	2	748.38	327.69
88	2	738.83	309.07
89	2	748.35	319.71
90	2	728.29	326.91
91	2	759.13	332.13
92	2	720.34	318.53
93	2	728.55	322.06
94	2	728.21	314.75
95	2	726.06	327.61
96	2	733.87	305.32
97	2	730.97	324.57
98	2	738.03	315.3
99	2	740.66	324.39
100	2	744.41	324.52
101	3	610.26	323.13
102	3	616.7	322.56
103	3	609	331.06
104	3	615.23	332.68
105	3	623.8	313.51
106	3	608.68	326.34
107	3	613.89	324.08
108	3	614.54	333.47
109	3	614.99	332.88
110	3	607.43	328.25
111	3	609.72	316.66
112	3	615.78	319.62
113	3	608.04	329.05
114	3	620.07	330.77
115	3	611.79	324.69
116	3	615.53	322.45
117	3	620.4	328.36
118	3	618.19	325.91
119	3	616.33	326.64
120	3	606.23	322.68
121	3	609.2	321.59
122	3	608.22	320.72
123	3	610.83	331.16
124	3	611.18	322.5
125	3	612.65	331.63
126	3	621.25	328.82
127	3	615.96	320.72
128	3	609.99	324.99
129	3	602.18	331.81
130	3	601.7	330.92
131	3	608.96	319.44
132	3	617.35	325.1
133	3	599.82	325.92
134	3	607.49	325.16
135	3	614.09	327.87
136	3	622.22	316.44
137	3	616.14	332.38
138	3	612.32	330
139	3	609.88	333.74
140	3	618.1	326.7
141	3	613.28	323.28
142	3	611.32	323.96
143	3	614.68	329.19
144	3	617.36	324.9
145	3	612.01	332.59
146	3	617.14	322.09
147	3	613.33	321.96
148	3	610.72	325.14
149	3	613.54	331.65
150	3	599.31	324.44
151	3	615.31	326.08
152	3	618.03	316.82
153	3	606.13	326.68
154	3	601.29	325.63
155	3	611.17	322.64
156	3	605.75	329.63
157	3	613.74	320.18
158	3	611.66	312.94
159	3	610.5	321.4
160	3	613.39	325.64
161	3	616.1	327.13
162	3	614.56	321.3
163	3	619.77	331.95
164	3	615.6	319.28
165	3	616.19	319.71
166	3	614.37	323.85
167	3	614.92	321.2
168	3	612.41	315.07
169	3	609.72	322.51
170	3	613.97	320.22
171	3	605.91	324.76
172	3	617.24	328.4
173	3	611.31	334.59
174	3	610.33	323.84
175	3	608.33	329.07
176	3	611.18	328.15
177	3	615.49	321.73
178	3	610.32	316.43
179	3	604.93	332.39
180	3	616	324.76
181	3	607.69	332.73
182	3	607.54	323.57
183	3	609.32	322.86
184	3	612.84	320.98
185	3	620.03	324.94
186	3	620.81	323.57
187	3	618.26	325.05
188	3	612.22	316.48
189	3	604.07	325.44
190	3	616.87	334.57
191	3	612.96	325.2
192	3	609.3	325.24
193	3	609.67	324.25
194	3	613.27	325.14
195	3	617.84	328.52
196	3	603.34	331.11
197	3	611.43	326.11
198	3	607.83	326.53
199	3	617.92	329.14
200	3	607.36	325.26
201	3	602.04	323.2
202	3	610.39	327.76
203	3	605.71	323.46
204	3	614.07	332.13
205	3	617.69	338.99
206	3	612.59	318.2
207	3	616.42	326.22
208	3	617.11	322.36
209	3	615.55	324.52
210	3	609.63	328.58
211	3	614.71	325.3
212	3	609.04	328.36
213	3	603.98	316.71
214	3	613.9	329.57
215	3	618.81	328.19
216	3	607.62	328.77
217	3	619.94	334.87
218	3	615	321.53
219	3	613.92	320.15
220	3	608.27	315.13
221	3	612.6	332.95
222	3	611.43	327.22
223	3	602.38	319.19
224	3	612.93	321.9
225	3	610.44	326.11
226	3	613.8	327.92
227	3	614.88	330
228	3	612.74	317.12
229	3	625.36	324.72
230	3	616.52	327.01
231	3	619.02	327.77
232	3	597.49	324.81
233	3	613.42	319.87
234	3	609.43	328.59
235	3	614.33	320.66
236	3	621.39	328.76
237	3	615.23	326.36
238	3	611.54	325.88
239	3	617.99	328.54
240	3	600.83	334.69
241	3	610.27	332.11
242	3	619.37	331.75
243	3	611.8	329.87
244	3	614.43	328.6
245	3	611.62	322.85
246	3	616.18	327.63
247	3	626.25	319.26
248	3	615.34	330.19
249	3	614.6	321.43
250	3	615.73	325.11
251	3	608.07	322.5
252	3	609.9	317.78
253	3	612.1	329.02
254	3	602.75	323.63
255	3	613.58	325.34
256	3	609.05	322.08
257	3	614.25	331.66
258	3	605.94	319.32
259	3	621.8	326.79
260	3	600.57	330.6
261	3	615.75	324.61
262	3	610.79	328.53
263	3	614.11	326.33
264	3	609.71	324.28
265	3	604.83	333.54
266	3	610.4	329.13
267	3	608.58	325.78
268	3	617.53	333.03
269	3	617.61	316.61
270	3	613.98	325.93
271	3	616.84	328.39
272	3	615.89	324.92
273	3	613.96	329.95
274	3	614.25	318.78
275	3	615.89	318.19
276	3	613.02	325.76
277	3	611.77	322.32
278	3	612.51	322.66
279	3	604.69	328.38
280	3	608.73	320.33
281	3	607.27	335.03
282	3	618.27	336.98
283	3	618.22	324.51
284	3	613.25	325.44
285	3	609.8	318.48
286	3	614.26	319.61
287	3	609.22	312.89
288	3	616.08	319.54
289	3	603.64	333.4
290	3	616.52	332.95
291	3	614.96	328.35
292	3	608.26	328.7
293	3	607.6	321.91
294	3	612.31	321.03
295	3	613.88	334.71
296	3	614.61	325.89
297	3	606.68	319.19
298	3	611.89	330.67
299	3	612.07	328.87
300	3	606.56	330.27
